235
35
90
108
155
63
219
370
398
342
484
252
272
56
335
219
54
100
349
178
77
301
362
183
263
407
293
275
383
103
89
323
182
481
457
269
439
333
398
263
60
364
461
220
297
127
38
247
32
305
179
310
106
276
106
30
353
377
302
12
288
59
384
473
227
21
263
217
170
224
203
102
76
20
113
24
320
288
500
474
232
220
266
376
19
493
372
4
447
434
56
104
375
490
294
204
262
434
333
92
197
216
326
223
56
368
128
109
45
76
19
442
338
126
305
348
280
166
26
180
320
166
16
39
239
487
296
184
27
112
77
58
422
437
136
97
261
189
402
67
327
254
282
341
88
15
132
241
345
403
175
255
285
267
90
41
111
139
386
244
78
80
20
40
391
483
139
216
404
140
483
112
46
4
292
243
14
273
123
442
288
452
31
110
372
295
270
194
182
22
92
163
500
57
94
456
481
313
335
352
323
204
496
435
64
434
145
188
361
277
420
387
117
124
475
84
440
131
151
248
33
169
158
361
223
172
394
377
358
467
267
498
157
30
303
108
376
70
469
20
383
500
361
132
99
432
40
241
340
332
269
433
211
320
244
407
187
231
389
29
115
462
409
325
192
484
369
396
354
88
478
1
212
121
358
319
330
2
314
120
480
498
458
383
170
497
116
336
450
21
343
374
386
351
351
296
369
18
315
230
119
491
408
373
247
138
397
185
122
45
132
423
293
449
168
320
39
11
65
115
113
344
466
43
275
411
404
266
342
306
83
434
196
433
341
197
424
64
108
205
83
239
212
51
332
341
342
267
401
280
380
212
210
27
127
426
135
415
319
362
393
139
366
435
111
239
101
105
110
459
392
42
469
342
57
308
188
81
428
2
370
135
96
480
114
187
17
41
258
451
55
335
261
481
281
106
434
251
342
363
286
26
337
295
74
205
472
331
161
316
210
263
228
306
390
231
409
419
40
37
201
309
328
62
75
339
462
64
375
223
456
132
65
423
164
419
312
224
14
7
162
46
378
411
500
205
13
383
333
491
141
259
220
143
34
256
211
233
18
298
41
272
221
376
359
51
4
294
369
448
19
451
392
17
108
2
330
138
221
65
232
371
435
376
414
244
443
119
237
351
342
293
197
214
29
392
467
99
302
86
